service_id,monday,tuesday,wednesday,thursday,friday,saturday,sunday,start_date,end_date
4_1017_601,1,1,1,1,0,0,0,20260603,20260903
4_1017_562,0,0,0,0,1,0,0,20260603,20260903
4_1017_603,0,0,0,0,0,1,0,20260603,20260903
4_1017_609,0,0,0,0,0,0,1,20260603,20260903
5_1018_601,1,1,1,1,1,0,0,20260603,20260903
5_1018_603,0,0,0,0,0,1,1,20260603,20260903
6_1057_601,1,1,1,1,1,0,0,20260603,20260903
6_1057_603,0,0,0,0,0,1,0,20260603,20260903
6_1057_604,0,0,0,0,0,0,1,20260603,20260903
7_1061_601,1,1,1,1,0,0,0,20260603,20260903
7_1061_602,0,0,0,0,1,0,0,20260603,20260903
7_1061_603,0,0,0,0,0,1,0,20260603,20260903
7_1061_604,0,0,0,0,0,0,1,20260603,20260903
8_1066_611,1,1,1,1,0,0,0,20260603,20260903
8_1066_612,0,0,0,0,1,0,0,20260603,20260903
8_1066_613,0,0,0,0,0,1,0,20260603,20260903
8_1066_614,0,0,0,0,0,0,1,20260603,20260903
9_922_606,1,1,1,1,0,0,0,20260603,20260903
9_922_607,0,0,0,0,1,0,0,20260603,20260903
9_922_603,0,0,0,0,0,1,0,20260603,20260903
9_922_604,0,0,0,0,0,0,1,20260603,20260903
10_923_561,1,1,1,1,0,0,0,20260603,20260903
10_923_562,0,0,0,0,1,0,0,20260603,20260903
10_923_603,0,0,0,0,0,1,0,20260603,20260903
10_923_609,0,0,0,0,0,0,1,20260603,20260903
11_1056_606,0,0,1,1,1,0,0,20260603,20260903
11_1056_608,0,0,0,0,0,1,0,20260603,20260903
11_1056_610,0,0,0,0,0,0,1,20260603,20260903
11_1056_561,1,1,0,0,0,0,0,20260603,20260903
12_827_601,1,1,1,0,1,0,0,20260603,20260903
12_827_602,0,0,0,1,0,0,0,20260603,20260903
12_827_603,0,0,0,0,0,1,0,20260603,20260903
12_827_604,0,0,0,0,0,0,1,20260603,20260903
13_1021_561,1,1,1,1,1,0,0,20260603,20260903
13_1021_603,0,0,0,0,0,1,0,20260603,20260903
13_1021_604,0,0,0,0,0,0,1,20260603,20260903
14_983_601,1,1,1,1,0,0,0,20260603,20260903
14_983_602,0,0,0,0,1,0,0,20260603,20260903
14_983_503,0,0,0,0,0,1,0,20260603,20260903
14_983_504,0,0,0,0,0,0,1,20260603,20260903
16_1022_606,1,1,1,1,0,0,0,20260603,20260903
16_1022_607,0,0,0,0,1,0,0,20260603,20260903
16_1022_603,0,0,0,0,0,1,0,20260603,20260903
16_1022_609,0,0,0,0,0,0,1,20260603,20260903
18_1045_611,1,1,1,1,1,0,0,20260603,20260903
18_1045_613,0,0,0,0,0,1,0,20260603,20260903
18_1045_614,0,0,0,0,0,0,1,20260603,20260903
19_930_621,1,1,1,1,0,0,0,20260603,20260903
19_930_622,0,0,0,0,1,0,0,20260603,20260903
19_930_623,0,0,0,0,0,1,0,20260603,20260903
19_930_624,0,0,0,0,0,0,1,20260603,20260903
23_1033_406,1,1,1,1,1,1,1,20260603,20260903
24_1040_501,1,1,1,1,0,0,0,20260603,20260903
24_1040_502,0,0,0,0,1,0,0,20260603,20260903
24_1068_503,0,0,0,0,0,1,0,20260603,20260903
24_1068_504,0,0,0,0,0,0,1,20260603,20260903
25_1026_501,1,1,1,1,0,0,0,20260603,20260903
25_1026_502,0,0,0,0,1,0,0,20260603,20260903
25_1026_503,0,0,0,0,0,1,0,20260603,20260903
25_1026_504,0,0,0,0,0,0,1,20260603,20260903
26_1027_601,1,1,1,1,0,0,0,20260603,20260903
26_1027_602,0,0,0,0,1,0,0,20260603,20260903
26_1027_603,0,0,0,0,0,1,0,20260603,20260903
26_1027_604,0,0,0,0,0,0,1,20260603,20260903
27_1060_611,1,1,1,1,0,0,0,20260603,20260903
27_1060_612,0,0,0,0,1,0,0,20260603,20260903
27_1060_603,0,0,0,0,0,1,0,20260603,20260903
27_1060_604,0,0,0,0,0,0,1,20260603,20260903
28_1034_561,1,1,1,1,0,0,0,20260603,20260903
28_1034_562,0,0,0,0,1,0,0,20260603,20260903
28_1034_603,0,0,0,0,0,1,0,20260603,20260903
28_1034_604,0,0,0,0,0,0,1,20260603,20260903
30_982_601,1,1,1,1,1,0,0,20260603,20260903
30_982_603,0,0,0,0,0,1,0,20260603,20260903
30_982_604,0,0,0,0,0,0,1,20260603,20260903
31_1053_601,1,1,1,1,1,0,0,20260603,20260903
31_1053_603,0,0,0,0,0,1,0,20260603,20260903
31_1053_604,0,0,0,0,0,0,1,20260603,20260903
32_1029_621,1,1,1,0,1,0,0,20260603,20260903
32_1029_622,0,0,0,1,0,0,0,20260603,20260903
32_1029_603,0,0,0,0,0,1,0,20260603,20260903
32_1029_604,0,0,0,0,0,0,1,20260603,20260903
35_935_601,1,1,1,1,1,0,0,20260603,20260903
35_935_603,0,0,0,0,0,1,0,20260603,20260903
35_935_604,0,0,0,0,0,0,1,20260603,20260903
38_1054_561,1,1,1,1,1,0,0,20260603,20260903
38_1055_603,0,0,0,0,0,1,0,20260603,20260903
38_1055_604,0,0,0,0,0,0,1,20260603,20260903
39_1052_611,1,1,1,1,0,0,0,20260603,20260903
39_1052_612,0,0,0,0,1,0,0,20260603,20260903
39_1052_603,0,0,0,0,0,1,0,20260603,20260903
39_1052_604,0,0,0,0,0,0,1,20260603,20260903
40_1030_601,1,1,1,1,1,0,0,20260603,20260903
40_1030_603,0,0,0,0,0,1,0,20260603,20260903
40_1030_604,0,0,0,0,0,0,1,20260603,20260903
59_1070_606,1,1,1,1,1,0,0,20260603,20260903
59_1070_603,0,0,0,0,0,1,0,20260603,20260903
59_1070_604,0,0,0,0,0,0,1,20260603,20260903
60_966_601,1,1,1,1,0,0,0,20260603,20260903
60_966_602,0,0,0,0,1,0,0,20260603,20260903
60_966_603,0,0,0,0,0,1,0,20260603,20260903
60_966_604,0,0,0,0,0,0,1,20260603,20260903
62_967_621,1,1,1,1,0,0,0,20260603,20260903
62_967_622,0,0,0,0,1,0,0,20260603,20260903
62_967_603,0,0,0,0,0,1,0,20260603,20260903
62_967_604,0,0,0,0,0,0,1,20260603,20260903
63_968_621,1,1,1,1,1,0,0,20260603,20260903
64_1042_601,0,0,1,1,0,0,0,20260603,20260903
64_1042_602,0,0,0,0,1,0,0,20260603,20260903
64_1042_603,0,0,0,0,0,1,0,20260603,20260903
64_1042_604,0,0,0,0,0,0,1,20260603,20260903
64_1042_606,1,1,0,0,0,0,0,20260603,20260903
67_995_561,1,1,1,1,0,0,0,20260603,20260903
67_995_562,0,0,0,0,1,0,0,20260603,20260903
67_995_603,0,0,0,0,0,1,0,20260603,20260903
67_995_604,0,0,0,0,0,0,1,20260603,20260903
70_1058_561,1,1,1,1,0,0,0,20260603,20260903
70_1058_562,0,0,0,0,1,0,0,20260603,20260903
70_1058_603,0,0,0,0,0,1,0,20260603,20260903
70_1058_604,0,0,0,0,0,0,1,20260603,20260903
71_1059_617,0,0,1,1,1,0,0,20260603,20260903
71_1059_608,0,0,0,0,0,1,0,20260603,20260903
71_1059_609,0,0,0,0,0,0,1,20260603,20260903
71_1059_616,1,1,0,0,0,0,0,20260603,20260903
72_970_601,1,1,1,1,0,0,0,20260603,20260903
72_970_602,0,0,0,0,1,0,0,20260603,20260903
72_970_603,0,0,0,0,0,1,0,20260603,20260903
72_970_609,0,0,0,0,0,0,1,20260603,20260903
73_962_601,1,1,1,1,0,0,0,20260603,20260903
73_962_602,0,0,0,0,1,0,0,20260603,20260903
73_963_603,0,0,0,0,0,1,0,20260603,20260903
73_963_604,0,0,0,0,0,0,1,20260603,20260903
79_996_601,1,1,1,1,1,0,0,20260603,20260903
79_996_603,0,0,0,0,0,1,0,20260603,20260903
79_996_604,0,0,0,0,0,0,1,20260603,20260903
80_651_601,1,1,1,1,1,0,0,20260603,20260903
80_651_603,0,0,0,0,0,1,0,20260603,20260903
80_651_604,0,0,0,0,0,0,1,20260603,20260903
81_1041_601,1,1,1,1,0,0,0,20260603,20260903
81_1041_602,0,0,0,0,1,0,0,20260603,20260903
81_1041_603,0,0,0,0,0,1,0,20260603,20260903
81_1041_604,0,0,0,0,0,0,1,20260603,20260903
89_993_606,1,1,1,1,0,0,0,20260603,20260903
89_993_607,0,0,0,0,1,0,0,20260603,20260903
89_993_603,0,0,0,0,0,1,0,20260603,20260903
89_993_604,0,0,0,0,0,0,1,20260603,20260903
90_185_601,1,1,1,1,0,0,0,20260603,20260903
90_185_602,0,0,0,0,1,0,0,20260603,20260903
90_185_603,0,0,0,0,0,1,0,20260603,20260903
90_185_604,0,0,0,0,0,0,1,20260603,20260903
92_1046_601,1,1,1,1,1,0,0,20260603,20260903
92_1046_603,0,0,0,0,0,1,0,20260603,20260903
92_1046_604,0,0,0,0,0,0,1,20260603,20260903
93_994_561,1,1,1,1,0,0,0,20260603,20260903
93_994_562,0,0,0,0,1,0,0,20260603,20260903
93_994_603,0,0,0,0,0,1,0,20260603,20260903
93_994_604,0,0,0,0,0,0,1,20260603,20260903
94_873_601,1,1,1,1,1,0,0,20260603,20260903
94_873_603,0,0,0,0,0,1,0,20260603,20260903
94_873_604,0,0,0,0,0,0,1,20260603,20260903
95_1047_601,1,1,1,1,1,0,0,20260603,20260903
95_1047_603,0,0,0,0,0,1,0,20260603,20260903
95_1047_604,0,0,0,0,0,0,1,20260603,20260903